1111111111111111111111111111
1000000000000000000000000001
1011111110111111111111111101
1010000010000000000000010001
1010111011111011111010111001
1010001000001010001000001001
1011111011111011111011111001
1000000000000000000000000001
1011111110111111111011111101
1010000010000000001000000101
1010111010111111011011101101
1010001000000010000000001001
1111111011111011111111101111
1000001000000000000000010001
1011111010114115031611111101
1010000010000000000000000101
1011111111111011111111111101
1000000000001010000000000001
1011111111111011111111111101
1000000000000000000000000001
1010111110111111111011111101
1010000010000000001000000101
1011111011111111111111101101
1000001000000000000000000001
1011111011111011111011111101
1010000010000010001000000101
1011111111111011111111111101
1000000000000000000000000001
1011111111111111111111111101
1000000000000000000000000001
1111111111111111111111111111
